Trait	Name	Locus	Position	df	SS	MS	F	pr>F	BIC	mBIC	AIC	Model Rsq
Heritability_0.92_Rep_1	mean	--	--	1	2.39713	2.39713	436.59052	7.406E-90	-1.3755E4	7177.60991	-1.3778E4	0.91853
Heritability_0.92_Rep_1	S9_69868635+S3_156798651	UNKNOWN	3359,3643	1	121.61398	121.61398	22149.63605	0	-1.3755E4	7177.60991	-1.3778E4	0.91853
Heritability_0.92_Rep_1	S7_76282516+S9_129403281	UNKNOWN	1442,4500	1	19.72219	19.72219	3592.01617	0	-1.3755E4	7177.60991	-1.3778E4	0.91853
Heritability_0.92_Rep_1	S7_80322574+S5_215923444	UNKNOWN	1489,4305	1	13.83627	13.83627	2520.00952	0	-1.3755E4	7177.60991	-1.3778E4	0.91853
Heritability_0.92_Rep_1	Error	--	--	2644	14.51705	0.00549	NaN	NaN				
Heritability_0.92_Rep_2	mean	--	--	1	2.6048	2.6048	488.35397	1.9136E-99	-1.3831E4	7100.919	-1.3855E4	0.92002
Heritability_0.92_Rep_2	S9_69868635+S3_156798651	UNKNOWN	3359,3643	1	118.97231	118.97231	22305.2428	0	-1.3831E4	7100.919	-1.3855E4	0.92002
Heritability_0.92_Rep_2	S9_129403281+S6_158449614	UNKNOWN	4500,4774	1	22.05595	22.05595	4135.10812	0	-1.3831E4	7100.919	-1.3855E4	0.92002
Heritability_0.92_Rep_2	S5_215923444+S9_82043061	UNKNOWN	4305,4490	1	12.72441	12.72441	2385.60632	0	-1.3831E4	7100.919	-1.3855E4	0.92002
Heritability_0.92_Rep_2	Error	--	--	2644	14.10264	0.00533	NaN	NaN				
Heritability_0.92_Rep_3	mean	--	--	1	0.08797	0.08797	16.84205	4.1853E-5	-1.388E4	7067.68907	-1.3909E4	0.92352
Heritability_0.92_Rep_3	S9_69868635+S3_156798651	UNKNOWN	3359,3643	1	122.07231	122.07231	23371.76932	0	-1.388E4	7067.68907	-1.3909E4	0.92352
Heritability_0.92_Rep_3	S3_67888392+S9_129403281	UNKNOWN	3646,4500	1	21.18794	21.18794	4056.60893	0	-1.388E4	7067.68907	-1.3909E4	0.92352
Heritability_0.92_Rep_3	S5_215923444+S8_89093078	UNKNOWN	4305,4789	1	13.11834	13.11834	2511.61551	0	-1.388E4	7067.68907	-1.3909E4	0.92352
Heritability_0.92_Rep_3	S4_119719495+S5_130950856	UNKNOWN	2588,4264	1	0.33931	0.33931	64.96446	1.1432E-15	-1.388E4	7067.68907	-1.3909E4	0.92352
Heritability_0.92_Rep_3	Error	--	--	2643	13.80457	0.00522	NaN	NaN				
Heritability_0.92_Rep_4	mean	--	--	1	2.36778	2.36778	417.96781	2.2855E-86	-1.3672E4	7260.42092	-1.3695E4	0.9159
Heritability_0.92_Rep_4	S9_69868635+S3_156798651	UNKNOWN	3359,3643	1	121.42514	121.42514	21434.33552	0	-1.3672E4	7260.42092	-1.3695E4	0.9159
Heritability_0.92_Rep_4	S2_236047585+S9_129403281	UNKNOWN	1064,4500	1	20.13124	20.13124	3553.62794	0	-1.3672E4	7260.42092	-1.3695E4	0.9159
Heritability_0.92_Rep_4	S5_215923444+S9_141479759	UNKNOWN	4305,4460	1	13.28608	13.28608	2345.30002	0	-1.3672E4	7260.42092	-1.3695E4	0.9159
Heritability_0.92_Rep_4	Error	--	--	2644	14.97821	0.00566	NaN	NaN				
